0.495
0.635
0.651
0.349
0.200
0.660
0.401
0.320
0.330
0.271
0.651
0.379
0.383
0.609
0.313
0.576
0.690
0.209
0.689
0.519
0.429
0.415
0.666
0.503
0.219
0.566
0.357
0.596
0.491
0.472
0.324
0.372
0.452
0.624
0.433
0.263
0.627
0.647
0.651
0.223
0.509
0.611
0.643
0.313
0.557
0.493
0.242
0.664
0.451
0.569
0.637
0.598
0.426
0.360
0.419
0.431
0.562
0.269
0.350
0.486
0.629
0.230
0.256
0.533
0.306
0.658
0.424
0.609
0.304
0.694
0.486
0.582
0.484
0.511
0.539
0.660
0.417
0.640
0.554
0.399
0.270
0.616
0.389
0.612
0.427
0.440
0.566
0.230
0.606
0.356
0.555
0.426
0.330
0.205
0.574
0.588
0.598
0.492
0.652
0.363
0.419
0.318
0.616
0.242
0.368
0.602
0.685
0.624
0.655
0.245
0.396
0.620
0.663
0.433
0.400
0.399
0.557
0.479
0.341
0.272
0.641
0.627
0.304
0.570
0.549
0.420
0.503
0.531
0.428
0.521
0.423
0.291
0.509
0.246
0.488
0.604
0.330
0.246
0.697
0.655
0.416
0.389
0.693
0.460
0.326
0.471
0.643
0.531
0.596
0.492
0.675
0.367
0.591
0.442
0.385
0.467
0.440
0.513
0.260
0.699
0.538
0.348
0.385
0.424
0.560
0.542
0.588
0.601
0.323
0.478
0.521
0.302
0.417
0.507
0.437
0.253
0.591
0.541
0.643
0.564
0.533
0.276
0.550
0.615
0.576
0.454
0.284
0.345
0.598
0.632
0.493
0.582
0.698
0.486
0.603
0.203
0.585
0.544
0.412
0.300
0.498
0.485
0.661
0.340
0.478
0.680
0.203
0.613
0.479
0.324
0.372
0.564
0.566
0.372
0.529
0.583
0.360
0.572
0.564
0.402
0.614
0.544
0.638
0.526
0.463
0.604
0.643
0.641
0.327
0.639
0.413
0.554
0.676
0.248
0.433
0.694
0.306
0.648
0.440
0.209
0.551
0.532
0.592
0.300
0.297
0.296
0.484
0.385
0.343
0.584
0.639
0.550
0.553
0.324
0.215
0.240
0.294
0.380
0.239
0.590
0.503
0.361
0.567
0.666
0.204
0.261
0.456
0.527
0.259
0.598
0.408
0.462
0.529
0.455
0.304
0.604
0.530
0.517
0.313
0.469
0.314
0.592
0.383
0.409
0.617
0.472
0.422
0.327
0.318
0.656
0.618
0.285
0.689
0.350
0.533
0.316
0.534
0.293
0.409
0.509
0.461
0.239
0.366
0.699
0.277
0.344
0.401
0.225
0.424
0.229
0.291
0.616
0.355
0.595
0.280
0.410
0.460
0.413
0.328
0.641
0.675
0.643
0.459
0.648
0.646
0.390
0.611
0.352
0.393
0.233
0.515
0.231
0.594
0.358
0.674
0.305
0.669
0.465
0.700
0.368
0.439
0.581
0.652
0.342
0.681
0.215
0.485
0.432
0.672
0.210
0.696
0.308
0.262
0.438
0.663
0.530
0.401
0.301
0.391
0.503
0.681
0.219
0.464
0.555
0.553
0.351
0.552
0.209
0.611
0.634
0.236
0.574
0.504
0.366
0.672
0.632
0.420
0.458
0.277
0.305
0.361
0.697
0.383
0.228
0.625
0.445
0.599
0.268
0.465
0.370
0.610
0.688
0.364
0.649
0.367
0.661
0.414
0.513
0.355
0.638
0.204
0.308
0.497
0.517
0.329
0.687
0.580
0.470
0.571
0.282
0.493
0.583
0.636
0.665
0.504
0.681
0.580
0.483
0.581
0.468
0.683
0.380
0.474
0.433
0.471
0.514
0.234
0.618
0.260
0.350
0.600
0.234
0.268
0.474
0.276
0.567
0.699
0.372
0.308
0.636
0.397
0.517
0.565
0.331
0.268
0.427
0.395
0.618
0.520
0.358
0.203
0.414
0.672
0.509
0.614
0.627
0.310
0.480
0.242
0.383
0.515
0.540
0.598
0.593
0.394
0.370
0.543
0.574
0.350
0.353
0.667
0.215
0.297
0.601
0.278
0.541
0.391
0.346
0.302
0.333
0.543
0.419
0.419
0.528
0.374
0.496
0.310
0.372
0.655
0.607
0.614
0.639
0.364
0.586
0.661
0.285
0.656
0.488
0.292
0.225
0.463
0.341
0.394
0.676
0.655
0.498
0.349
0.411
0.689
0.588
0.636
0.561
0.629
0.477
0.431
0.282
0.642
0.530
0.384
0.292
0.347
0.573
0.315
0.472
0.282
0.368
0.565
0.560
0.360
0.295
0.491
0.688
0.503
0.431
0.612
0.265
0.201
0.477
0.516
0.516
0.663
0.433
0.401
0.243
0.421
0.355
0.214
0.282
0.635
0.374
0.611
0.614
0.558
0.410
0.547
0.636
0.564
0.214
0.478
0.250
0.363
0.557
0.299
0.637
0.348
0.351
0.558
0.434
0.445
0.484
0.304
0.319
0.600
0.501
0.345
0.488
0.699
0.202
0.491
0.636
0.518
0.381
0.627
0.589
0.264
0.445
0.579
0.419
0.268
0.521
0.229
0.513
0.439
0.350
0.256
0.405
0.671
0.433
0.301
0.446
0.407
0.648
0.445
0.408
0.405
0.547
0.563
0.557
0.208
0.215
0.277
0.272
0.506
0.524
0.689
0.246
0.478
0.533
0.597
0.639
0.672
0.458
0.553
0.523
0.641
0.363
0.309
0.644
0.495
0.330
0.213
0.400
0.336
0.521
0.452
0.591
0.636
0.615
0.607
0.360
0.375
0.696
0.467
0.318
0.452
0.446
0.633
0.322
0.621
0.617
0.549
0.398
0.691
0.488
0.205
0.367
0.280
0.625
0.528
0.562
0.667
0.515
0.270
0.259
0.647
0.686
0.435
0.586
0.397
0.264
0.547
0.306
0.321
0.528
0.310
0.228
0.477
0.692
0.589
0.471
0.289
0.676
0.490
0.342
0.399
0.310
0.399
0.265
0.482
0.650
0.428
0.502
0.353
0.641
0.531
0.595
0.582
0.378
0.392
0.319
0.277
0.514
0.689
0.421
0.452
0.369
0.206
0.576
0.580
0.385
0.559
0.490
0.543
0.623
0.284
0.688
0.575
0.499
0.539
0.285
0.652
0.269
0.214
0.243
0.391
0.694
0.566
0.359
0.370
0.205
0.402
0.555
0.506
0.203
0.466
0.231
0.422
0.594
0.493
0.403
0.243
0.461
0.245
0.639
0.489
0.415
0.621
0.265
0.569
0.539
0.611
0.660
0.279
0.610
0.602
0.697
0.592
0.436
0.449
0.614
0.448
0.663
0.524
0.283
0.522
0.483
0.342
0.576
0.487
0.331
0.507
0.325
0.617
0.473
0.667
0.435
0.332
0.598
0.607
0.462
0.357
0.648
0.446
0.274
0.293
0.241
0.405
0.352
0.374
0.335
0.355
0.206
0.402
0.276
0.595
0.228
0.635
0.459
0.295
0.279
0.616
0.664
0.647
0.273
0.504
0.580
0.212
0.671
0.312
0.310
0.438
0.325
0.700
0.353
0.334
0.536
0.623
0.457
0.634
0.549
0.368
0.392
0.297
0.669
0.226
0.642
0.479
0.601
0.535
0.215
0.612
0.428
0.279
0.544
0.682
0.488
0.668
0.246
0.682
0.462
0.477
0.454
0.607
0.313
0.393
0.237
0.558
0.413
0.687
0.570
0.315
0.553
0.511
0.419
0.226
0.227
0.598
0.305
0.635
0.475
0.274
0.281
0.556
0.553
0.202
0.641
0.585
0.434
0.257
0.245
0.224
0.469
0.414
0.270
0.474
0.585
0.686
0.253
0.261
0.597
0.534
0.643
0.217
0.523
0.372
0.583
0.284
0.326
0.364
0.549
0.227
0.440
0.334
0.456
0.523
0.236
0.309
0.344
0.451
0.445
0.287
0.329
0.483
0.619
0.314
0.624
0.209
0.355
0.529
0.274
0.570
0.204
0.668
0.385
0.464
0.534
0.215
0.470
0.674
0.311
0.686
0.261
0.376
0.561
0.291
0.425
0.630
0.519
0.350
0.512
0.223
0.396
0.389
0.368
0.567
0.432
0.623
0.650
0.553
0.518
0.385
0.244
0.605
0.617
0.417
0.545
0.616
0.655
0.279
0.545
0.298
0.616
0.470
0.401
0.241
0.317
0.207
0.314
0.650
0.424
0.327
0.381
0.579
0.531
0.529
0.694
0.571
0.242
0.593
0.511
0.681
0.309
0.305
0.579
0.326
0.432
0.351
0.567
0.560
0.630
0.641
0.450
0.559
0.385
0.364
0.550
0.458
0.634
0.396
0.587
0.347
0.539
0.351
0.595
0.622
0.361
0.604
0.253
0.369
0.243
0.628
0.624
0.564
0.532
0.554
0.228
0.426
0.349
0.677
0.689
0.476
0.202
0.527
0.216
0.553
0.654
0.530
0.458
0.475
0.278
0.242
0.254
0.215
0.576
0.212
0.450
0.539
0.480
0.487
0.277
0.471
0.646
0.228
0.566
0.397
0.512
0.233
0.433
0.461
0.251
0.290
0.521
0.593
0.610
0.321
0.388
0.582
0.337
0.553
0.681
0.648
0.460
0.398
0.645
0.658
0.531
0.495
0.337
0.220
0.588
0.344
0.285
0.365
0.482
0.503
0.268
0.382
0.562
0.419
0.453
0.603
0.590
0.349
0.583
0.237
0.282
0.340
0.644
0.228
0.557
0.508
0.613
0.536
0.510
0.431
0.248
0.412
0.284
0.499
0.614
0.335
0.573
0.337
0.459
0.341
0.314
0.241
0.321
0.533
0.566
0.630
0.624
0.658
0.641
0.627
0.596
0.567
0.288
0.423
0.505
0.481
0.338
0.253
0.246
0.572
0.358
0.558
0.271
0.402
0.428
0.270
0.650
0.449
0.403
0.505
0.285
0.615
0.591
0.571
0.657
0.261
0.285
0.226
0.690
0.649
0.365
0.494
0.585
0.359
0.309
0.573
0.305
0.619
0.345
0.377
0.254
0.300
0.580
0.329
0.528
0.256
0.401
0.295
0.409
0.449
0.652
0.340
0.557
0.289
0.517
0.376
0.542
0.222
0.544
0.455
0.596
0.316
0.554
0.253
0.563
0.585
0.481
0.201
0.641
0.426
0.604
0.368
0.421
0.524
0.614
0.632
0.295
0.684
0.538
0.278
0.667
0.449
0.476
0.268
0.604
0.545
0.476
0.228
0.575
0.583
0.525
0.464
0.500
0.207
0.406
0.279
0.296
0.583
0.685
0.344
0.592
0.604
0.673
0.506
0.403
0.371
0.661
0.381
0.365
0.365
0.572
0.399
0.436
0.607
0.544
0.661
0.565
0.355
0.317
0.344
0.633
0.418
0.366
0.511
0.324
0.236
0.406
0.438
0.471
0.629
0.506
0.486
0.640
0.430
0.689
0.246
0.646
0.302
0.363
0.379
0.281
0.204
0.442
0.262
0.358
0.353
0.366
0.259
0.270
0.225
0.251
0.535
0.532
0.226
0.649
0.515
0.299
0.374
0.327
0.206
0.430
0.510
0.336
0.697
0.560
0.234
0.288
0.386
0.637
0.306
0.516
0.234
0.577
0.254
0.571
0.325
0.315
0.651
0.483
0.431
0.492
0.383
0.223
0.683
0.276
0.474
0.488
0.417
0.688
0.642
0.405
0.256
0.603
0.292
0.419
0.666
0.482
0.682
0.414
0.649
0.628
0.259
0.208
0.287
0.479
0.376
0.279
0.255
0.427
0.521
0.400
0.659
0.240
0.214
0.631
0.663
0.388
0.505
0.689
0.532
0.570
0.679
0.586
0.356
0.586
0.294
0.265
0.637
0.303
0.662
0.271
0.242
0.378
0.543
0.316
0.577
0.265
0.316
0.416
0.572
0.594
0.229
0.432
0.502
0.698
0.636
0.201
0.264
0.682
0.507
0.201
0.652
0.203
0.537
0.548
0.420
0.516
0.291
0.350
0.258
0.618
0.431
0.463
0.271
0.259
0.590
0.615
0.562
0.337
0.573
0.318
0.287
0.582
0.523
0.498
0.287
0.688
0.521
0.283
0.695
0.444
0.415
0.232
0.567
0.228
0.465
0.448
0.333
0.268
0.525
0.420
0.574
0.537
0.268
0.303
0.313
0.455
0.379
0.546
0.583
0.621
0.598
0.347
0.566
0.586
0.602
0.317
0.510
0.255
0.310
0.697
0.530
0.486
0.561
0.629
0.646
0.386
0.616
0.467
0.224
0.693
0.560
0.531
0.356
0.698
0.693
0.611
0.359
0.459
0.333
0.286
0.273
0.230
0.526
0.420
0.265
0.562
0.256
0.607
0.588
0.552
0.547
0.453
0.621
0.618
0.403
0.422
0.517
0.487
0.425
0.595
0.397
0.612
0.501
0.618
0.384
0.554
0.609
0.643
0.563
0.384
0.666
0.587
0.336
0.345
0.429
0.389
0.670
0.675
0.365
0.236
0.534
0.417
0.642
0.242
0.657
0.500
0.598
0.550
0.313
0.387
0.250
0.509
0.438
0.411
0.430
0.435
0.700
0.432
0.223
0.675
0.665
0.523
0.688
0.579
0.346
0.450
0.351
0.204
0.514
0.282
0.502
0.214
0.616
0.581
0.502
0.621
0.204
0.498
0.353
0.344
0.329
0.593
0.536
0.330
0.297
0.300
0.503
0.343
0.478
0.582
0.516
0.677
0.406
0.492
0.649
0.496
0.404
0.294
0.638
0.643
0.507
0.225
0.580
0.280
0.595
0.643
0.235
0.500
0.267
0.547
0.515
0.431
0.344
0.475
0.461
0.636
0.560
0.495
0.381
0.477
0.459
0.236
0.250
0.658
0.440
0.325
0.240
0.261
0.229
0.332
0.475
0.311
0.208
0.592
0.234
0.444
0.551
0.354
0.557
0.491
0.430
0.394
0.430
0.341
0.497
0.311
0.452
0.330
0.380
0.592
0.635
0.677
0.581
0.548
0.239
0.524
0.303
0.690
0.664
0.652
0.657
0.679
0.394
0.447
0.282
0.536
0.570
0.481
0.616
0.350
0.403
0.632
0.360
0.252
0.572
0.430
0.600
0.376
0.373
0.589
0.369
0.616
0.412
0.272
0.664
0.447
0.256
0.434
0.589
0.268
0.378
0.675
0.496
0.674
0.249
0.335
0.550
0.577
0.213
0.522
0.351
0.688
0.427
0.341
0.355
0.303
0.387
0.407
0.654
0.601
0.371
0.204
0.679
0.209
0.496
0.222
0.412
0.241
0.450
0.255
0.272
0.404
0.488
0.409
0.650
0.313
0.416
0.562
0.496
0.516
0.625
0.543
0.465
0.272
0.647
0.307
0.470
0.334
0.646
0.489
0.506
0.618
0.689
0.493
0.396
0.507
0.482
0.297
0.628
0.384
0.605
0.498
0.636
0.531
0.268
0.564
0.230
0.262
0.594
0.357
0.461
0.635
0.616
0.265
0.440
0.648
0.401
0.588
0.376
0.361
0.331
0.380
0.496
0.326
0.275
0.204
0.235
0.282
0.358
0.497
0.509
0.699
0.589
0.694
0.594
0.350
0.227
0.446
0.356
0.394
0.220
0.392
0.400
0.274
0.387
0.404
0.661
0.421
0.382
0.512
0.661
0.696
0.475
0.611
0.401
0.604
0.357
0.593
0.361
0.273
0.379
0.324
0.692
0.616
0.274
0.471
0.413
0.300
0.522
0.216
0.686
0.619
0.238
0.624
0.442
0.311
0.388
0.365
0.598
0.246
0.574
0.522
0.295
0.444
0.402
0.239
0.668
0.243
0.651
0.282
0.295
0.642
0.670
0.241
0.242
0.231
0.405
0.671
0.212
0.427
0.551
0.369
0.503
0.398
0.522
0.674
0.316
0.336
0.610
0.277
0.461
0.547
0.204
0.396
0.566
0.650
0.298
0.682
0.618
0.233
0.567
0.382
0.236
0.351
0.289
0.555
0.362
0.510
0.409
0.282
0.328
0.657
0.324
0.488
0.666
0.348
0.320
0.391
0.319
0.554
0.255
0.595
0.435
0.308
0.593
0.220
0.692
0.226
0.661
0.436
0.621
0.584
0.356
0.387
0.324
0.329
0.263
0.366
0.272
0.235
0.366
0.415
0.370
0.563
0.573
0.519
0.236
0.511
0.329
0.636
0.524
0.586
0.236
0.616
0.328
0.696
0.202
0.237
0.262
0.419
0.561
0.575
0.269
0.528
0.423
0.314
0.459
0.526
0.520
0.250
0.478
0.659
0.388
0.631
0.263
0.461
0.322
0.513
0.590
0.276
0.286
0.529
0.323
0.550
0.358
0.451
0.317
0.466
0.202
0.251
0.656
0.497
0.460
0.620
0.336
0.371
0.247
0.563
0.456
0.372
0.363
0.546
0.223
0.343
0.244
0.283
0.285
0.513
0.419
0.381
0.352
0.458
0.659
0.293
0.700
0.417
0.441
0.341
0.668
0.201
0.523
0.288
0.288
0.518
0.218
0.699
0.217
0.625
0.388
0.559
0.236
0.623
0.403
0.263
0.543
0.419
0.456
0.663
0.334
0.487
0.546
0.421
0.397
0.252
0.606
0.685
0.338
0.345
0.646
0.579
0.653
0.489
0.630
0.661
0.506
0.691
0.201
0.668
0.427
0.457
0.559
0.337
0.590
0.223
0.631
0.557
0.301
0.595
0.288
0.351
0.217
0.691
0.539
0.510
0.371
0.444
0.623
0.570
0.693
0.207
0.395
0.236
0.590
0.670
0.358
0.242
0.445
0.478
0.251
0.368
0.571
0.261
0.409
0.393
0.338
0.379
0.311
0.649
0.232
0.359
0.580
0.245
0.267
0.234
0.427
0.383
0.447
0.446
0.699
0.409
0.485
0.374
0.697
0.613
0.476
0.569
0.695
0.680
0.309
0.534
0.357
0.504
0.234
0.566
0.233
0.548
0.603
0.324
0.363
0.469
0.658
0.408
0.509
0.287
0.280
0.392
0.545
0.670
0.202
0.239
0.308
0.691
0.490
0.658
0.590
0.375
0.334
0.425
0.366
0.298
0.249
0.597
0.697
0.251
0.696
0.659
0.536
0.683
0.545
0.364
0.220
0.322
0.403
0.587
0.566
0.505
0.350
0.247
0.328
0.508
0.475
0.328
0.584
0.506
0.365
0.281
0.386
0.619
0.526
0.541
0.263
0.357
0.382
0.604
0.694
0.627
0.407
0.532
0.479
0.417
0.381
0.365
0.669
0.317
0.590
0.591
0.416
0.687
0.370
0.488
0.559
0.689
0.666
0.627
0.560
0.384
0.411
0.328
0.510
0.365
0.376
0.550
0.232
0.273
0.398
0.239
0.381
0.476
0.659
0.656
0.388
0.297
0.323
0.486
0.544
0.407
0.366
0.215
0.207
0.600
0.512
0.604
0.560
0.496
0.481
0.215
0.357
0.369
0.679
0.522
0.227
0.493
0.242
0.652
0.395
0.655
0.402
0.210
0.550
0.477
0.268
0.400
0.493
0.626
0.214
0.489
0.653
0.331
0.249
0.570
0.494
0.236
0.674
0.558
0.222
0.309
0.623
0.553
0.444
0.467
0.414
0.593
0.501
0.482
0.511
0.556
0.648
0.370
0.647
0.232
0.524
0.231
0.617
0.274
0.572
0.312
0.355
0.345
0.514
0.415
0.375
0.251
0.652
0.481
0.252
0.320
0.279
0.663
0.401
0.495
0.213
0.356
0.237
0.453
0.214
0.224
0.395
0.550
0.283
0.688
0.493
0.347
0.569
0.259
0.521
0.499
0.311
0.470
0.303
0.645
0.307
0.506
0.343
0.589
0.394
0.427
0.576
0.324
0.431
0.601
0.619
0.304
0.625
0.292
0.346
0.536
0.542
0.439
0.583
0.663
0.324
0.285
0.259
0.613
0.588
0.514
0.209
0.556
0.509
0.565
0.254
0.387
0.522
0.671
0.330
0.678
0.587
0.676
0.500
0.544
0.441
0.576
0.368
0.638
0.502
0.453
0.509
0.212
0.267
0.615
0.604
0.515
0.643
0.507
0.469
0.548
0.547
0.699
0.573
0.618
0.663
0.277
0.320
0.669
0.220
0.643
0.341
0.680
0.472
0.407
0.575
0.624
0.547
0.605
0.250
0.478
0.632
0.622
0.278
0.560
0.429
0.397
0.535
0.214
0.662
0.689
0.396
0.493
0.384
0.686
0.261
0.321
0.338
0.651
0.247
0.258
0.567
0.269
0.565
0.453
0.681
0.384
0.654
0.544
0.202
0.649
0.622
0.219
0.502
0.423
0.218
0.620
0.367
0.627
0.377
0.633
0.352
0.300
0.203
0.627
0.238
0.654
0.488
0.213
0.572
0.548
0.676
0.409
0.339
0.618
0.481
0.589
0.635
0.338
0.229
0.346
0.599
0.372
0.314
0.426
0.438
0.635
0.391
0.219
0.328
0.459
0.420
0.274
0.658
0.541
0.632
0.474
0.628
0.365
0.642
0.471
0.577
0.241
0.560
0.548
0.349
0.416
0.613
0.326
0.266
0.675
0.430
0.388
0.434
0.544
0.609
0.205
0.560
0.443
0.307
0.501
0.623
0.583
0.461
0.437
0.365
0.638
0.364
0.480
0.383
0.444
0.437
0.664
0.623
0.478
0.520
0.491
0.368
0.516
0.315
0.454
0.537
0.428
0.291
0.582
0.310
0.674
0.616
0.420
0.569
0.529
0.477
0.214
0.658
0.471
0.562
0.503
0.533
0.348
0.470
0.625
0.480
0.212
0.613
0.407
0.700
0.644
0.609
0.349
0.464
0.219
0.314
0.276
0.348
0.255
0.297
0.262
0.331
0.240
0.447
0.352
0.589
0.253
0.517
0.513
0.477
0.498
0.243
0.308
0.205
0.491
0.315
0.312
0.403
0.450
0.351
0.282
0.230
0.474
0.311
0.360
0.372
0.401
0.687
0.317
0.670
0.252
0.379
0.456
0.316
0.666
0.263
0.653
0.676
0.579
0.379
0.591
0.607
0.283
0.218
0.372
0.251
0.283
0.689
0.640
0.684
0.323
0.484
0.398
0.233
0.517
0.429
0.627
0.407
0.219
0.677
0.670
0.472
0.375
0.360
0.602
0.258
0.350
0.222
0.386
0.239
0.566
0.504
0.344
0.382
0.431
0.607
0.347
0.600
0.374
0.653
0.397
0.325
0.454
0.459
0.564
0.284
0.410
0.333
0.345
0.265
0.235
0.637
0.657
0.632
0.573
0.599
0.552
0.466
0.489
0.634
0.686
0.423
0.346
0.487
0.567
0.387
0.457
0.646
0.468
0.351
0.214
0.442
0.481
0.370
0.278
0.277
0.516
0.361
0.524
0.387
0.239
0.483
0.632
0.668
0.218
0.319
0.294
0.203
0.365
0.264
0.289
0.575
0.623
0.621
0.624
0.491
0.656
0.696
0.619
0.663
0.336
0.460
0.490
0.251
0.661
0.552
0.268
0.495
0.641
0.256
0.240
0.375
0.435
0.636
0.219
0.679
0.205
0.577
0.613
0.360
0.297
0.325
0.490
0.247
0.352
0.281
0.269
0.550
0.590
0.226
0.570
0.480
0.522
0.274
0.290
0.260
0.493
0.344
0.214
0.316
0.477
0.226
0.571
0.538
0.580
0.633
0.586
0.256
0.243
0.214
0.417
0.331
0.639
0.236
0.462
0.437
0.674
0.460
0.269
0.280
0.207
0.300
0.202
0.633
0.462
0.606
0.586
0.201
0.457
0.314
0.643
0.259
0.411
0.557
0.309
0.463
0.305
0.249
0.355
0.310
0.382
0.392
0.696
0.210
0.393
0.643
0.685
0.279
0.341
0.593
0.647
0.486
0.412
0.587
0.471
0.592
0.550
0.489
0.471
0.698
0.541
0.396
0.532
0.527
0.431
0.668
0.571
0.659
0.207
0.302
0.349
0.325
0.293
0.499
0.590
0.294
0.319
0.392
0.327
0.263
0.448
0.477
0.206
0.530
0.218
0.623
0.209
0.628
0.655
0.624
0.301
0.255
0.231
0.310
0.560
0.617
0.572
0.407
0.347
0.459
0.695
0.304
0.223
0.313
0.399
0.324
0.215
0.569
0.554
0.395
0.219
0.678
0.393
0.220
0.491
0.659
0.544
0.412
0.656
0.504
0.354
0.276
0.414
0.323
0.694
0.277
0.405
0.359
0.262
0.238
0.622
0.320
0.223
0.320
0.560
0.437
0.353
0.550
0.457
0.571
0.273
0.297
0.455
0.317
0.531
0.659
0.554
0.263
0.300
0.231
0.390
0.541
0.325
0.365
0.615
0.272
0.587
0.462
0.252
0.217
0.531
0.306
0.426
0.478
0.225
0.355
0.541
0.668
0.305
0.277
0.320
0.533
0.322
0.494
0.365
0.276
0.270
0.315
0.537
0.464
0.664
0.214
0.510
0.275
0.302
0.323
0.645
0.471
0.348
0.511
0.244
0.691
0.255
0.360
0.253
0.551
0.449
0.512
0.298
0.508
0.665
0.477
0.504
0.205
0.563
0.654
0.397
0.690
0.352
0.386
0.339
0.542
0.647
0.666
0.458
0.535
0.322
0.395
0.686
0.357
0.232
0.361
0.404
0.497
0.532
0.384
0.585
0.240
0.604
0.517
0.285
0.645
0.277
0.665
0.387
0.546
0.590
0.208
0.607
0.495
0.316
0.248
0.354
0.597
0.437
0.385
0.381
0.212
0.617
0.373
0.338
0.342
0.307
0.456
0.625
0.320
0.551
0.655
0.376
0.618
0.680
0.579
0.618
0.697
0.676
0.669
0.504
0.368
0.480
0.290
0.290
0.541
0.242
0.502
0.520
0.690
0.686
0.621
0.378
0.330
0.476
0.374
0.567
0.664
0.394
0.603
0.222
0.689
0.456
0.201
0.536
0.278
0.599
0.221
0.682
0.273
0.583
0.261
0.618
0.430
0.328
0.290
0.410
0.228
0.378
0.594
0.373
0.668
0.424
0.557
0.656
0.674
0.459
0.211
0.566
0.483
0.299
0.675
0.604
0.313
0.469
0.591
0.294
0.499
0.633
0.407
0.642
0.608
0.324
0.501
0.408
0.216
0.207
0.586
0.323
0.420
0.630
0.670
0.365
0.546
0.458
0.690
0.589
0.281
0.347
0.535
0.555
0.247
0.219
0.687
0.413
0.408
0.367
0.292
0.264
0.619
0.451
0.655
0.248
0.269
0.588
0.249
0.469
0.370
0.507
0.422
0.521
0.366
0.419
0.446
0.624
0.289
0.280
0.444
0.208
0.208
0.504
0.417
0.259
0.699
0.304
0.692
0.362
0.306
0.421
0.651
0.673
0.414
0.542
0.692
0.395
0.678
0.626
0.269
0.485
0.535
0.679
0.557
0.441
0.615
0.298
0.608
0.300
0.319
0.590
0.605
0.607
0.600
0.604
0.249
0.670
0.647
0.248
0.347
0.657
0.251
0.552
0.542
0.369
0.328
0.356
0.355
0.249
0.402
0.507
0.609
0.505
0.283
0.287
0.525
0.336
0.501
0.232
0.486
0.244
0.572
0.217
0.447
0.283
0.333
0.325
0.292
0.420
0.395
0.671
0.360
0.460
0.364
0.684
0.220
0.525
0.547
0.461
0.681
0.437
0.298
0.262
0.297
0.538
0.653
0.407
0.404
0.439
0.418
0.636
0.406
0.636
0.494
0.207
0.514
0.588
0.229
0.526
0.396
0.424
0.601
0.518
0.390
0.220
0.211
0.379
0.677
0.481
0.634
0.678
0.203
0.542
0.442
0.466
0.240
0.224
0.433
0.250
0.530
0.597
0.460
0.228
0.359
0.615
0.580
0.222
0.276
0.325
0.520
0.200
0.307
0.205
0.529
0.580
0.318
0.496
0.511
0.396
0.590
0.628
0.638
0.534
0.235
0.387
0.215
0.647
0.644
0.401
0.492
0.245
0.329
0.433
0.315
0.432
0.676
0.261
0.215
0.304
0.511
0.640
0.482
0.476
0.255
0.365
0.657
0.639
0.652
0.449
0.501
0.640
0.302
0.402
0.217
0.495
0.628
0.318
0.202
0.446
0.443
0.570
0.428
0.419
0.436
0.572
0.302
0.438
0.592
0.482
0.675
0.652
0.309
0.274
0.362
0.421
0.652
0.664
0.379
0.504
0.467
0.242
0.657
0.521
0.262
0.632
0.457
0.283
0.437
0.231
0.620
0.376
0.364
0.370
0.668
0.453
0.660
0.582
0.367
0.426
0.618
0.578
0.465
0.531
0.498
0.445
0.601
0.542
0.359
0.633
0.485
0.645
0.539
0.375
0.263
0.413
0.264
0.293
0.319
0.266
0.221
0.671
0.241
0.560
0.610
0.206
0.283
0.284
0.533
0.322
0.368
0.533
0.591
0.317
0.502
0.515
0.476
0.412
0.410
0.587
0.650
0.616
0.639
0.486
0.557
0.242
0.674
0.558
0.573
0.209
0.335
0.515
0.667
0.669
0.397
0.692
0.272
0.587
0.372
0.636
0.371
0.434
0.458
0.243
0.548
0.568
0.422
0.456
0.660
0.291
0.652
0.630
0.489
0.629
0.567
0.599
0.308
0.258
0.675
0.230
0.311
0.277
0.322
0.305
0.696
0.542
0.522
0.501
0.500
0.463
0.681
0.252
0.296
0.393
0.291
0.335
0.405
0.279
0.655
0.658
0.446
0.506
0.434
0.456
0.578
0.284
0.430
0.366
0.409
0.672
0.642
0.520
0.688
0.480
0.223
0.499
0.522
0.383
0.302
0.351
0.306
0.295
0.571
0.698
0.368
0.362
0.698
0.383
0.455
0.495
0.417
0.573
0.367
0.225
0.577
0.674
0.528
0.456
0.620
0.474
0.416
0.259
0.229
0.691
0.477
0.563
0.507
0.399
0.211
0.537
0.594
0.210
0.355
0.612
0.518
0.422
0.471
0.341
0.611
0.329
0.461
0.336
0.587
0.203
0.203
0.642
0.624
0.246
0.542
0.596
0.412
0.229
0.582
0.651
0.620
0.256
0.439
0.269
0.376
0.405
0.207
0.260
0.551
0.666
0.400
0.647
0.317
0.290
0.500
0.605
0.608
0.570
0.340
0.537
0.267
0.221
0.692
0.376
0.670
0.648
0.682
0.271
0.404
0.276
0.516
0.562
0.283
0.390
0.204
0.480
0.447
0.552
0.391
0.631
0.231
0.654
0.694
0.658
0.447
0.566
0.209
0.411
0.554
0.478
0.218
0.689
0.390
0.327
0.433
0.531
0.572
0.503
0.271
0.426
0.286
0.422
0.693
0.558
0.646
0.559
0.516
0.604
0.272
0.464
0.515
0.282
0.545
0.474
0.346
0.601
0.695
0.466
0.491
0.646
0.295
0.587
0.445
0.280
0.342
0.672
0.287
0.536
0.260
0.349
0.509
0.525
0.664
0.264
0.296
0.249
0.388
0.498
0.350
0.598
0.201
0.398
0.585
0.213
0.405
0.540
0.504
0.440
0.383
0.407
0.307
0.250
0.617
0.696
0.609
0.560
0.355
0.469
0.470
0.399
0.496
0.272
0.631
0.276
0.643
0.451
0.376
0.613
0.453
0.462
0.224
0.642
0.465
0.408
0.683
0.323
0.483
0.343
0.251
0.603
0.542
0.517
0.446
0.235
0.414
0.372
0.605
0.248
0.548
0.655
0.414
0.621
0.442
0.548
0.279
0.605
0.691
0.459
0.528
0.440
0.318
0.381
0.275
0.542
0.317
0.310
0.294
0.447
0.691
0.427
0.343
0.654
0.402
0.294
0.619
0.674
0.237
0.384
0.282
0.607
0.361
0.525
0.262
0.408
0.490
0.258
0.692
0.234
0.466
0.598
0.573
0.301
0.256
0.279
0.205
0.286
0.564
0.629
0.459
0.524
0.243
0.556
0.373
0.275
0.464
0.412
0.281
0.413
0.622
0.612
0.377
0.639
0.204
0.592
0.515
0.420
0.428
0.470
0.642
0.652
0.592
0.619
0.468
0.541
0.317
0.349
0.323
0.675
0.568
0.330
0.318
0.428
0.212
0.581
0.207
0.585
0.303
0.685
0.411
0.259
0.484
0.543
0.231
0.614
0.694
0.314
0.667
0.360
0.277
0.627
0.303
0.630
0.230
0.655
0.448
0.207
0.596
0.500
0.313
0.545
0.667
0.400
0.549
0.234
0.360
0.229
0.463
0.307
0.623
0.391
0.379
0.337
0.227
0.478
0.524
0.659
0.621
0.208
0.468
0.412
0.220
0.416
0.430
0.306
0.518
0.369
0.557
0.612
0.697
0.447
0.445
0.234
0.635
0.468
0.626
0.393
0.311
0.513
0.268
0.585
0.551
0.669
0.205
0.350
0.208
0.697
0.327
0.460
0.636
0.223
0.537
0.673
0.521
0.554
0.379
0.318
0.580
0.393
0.411
0.285
0.672
0.576
0.614
0.463
0.504
0.649
0.630
0.571
0.567
0.474
0.537
0.209
0.683
0.533
0.478
0.488
0.577
0.506
0.361
0.278
0.236
0.673
0.378
0.644
0.366
0.578
0.265
0.550
0.700
0.324
0.307
0.548
0.606
0.268
0.410
0.261
0.433
0.383
0.626
0.523
0.206
0.283
0.309
0.563
0.609
0.267
0.458
0.452
0.320
0.330
0.495
0.569
0.375
0.577
0.526
0.520
0.431
0.305
0.507
0.556
0.663
0.431
0.565
0.594
0.676
0.443
0.594
0.584
0.507
0.377
0.430
0.599
0.629
0.347
0.234
0.646
0.273
0.596
0.405
0.552
0.214
0.338
0.295
0.575
0.318
0.377
0.615
0.456
0.535
0.210
0.365
0.340
0.299
0.265
0.498
0.376
0.694
0.436
0.327
0.621
0.686
0.646
0.271
0.256
0.277
0.452
0.486
0.518
0.234
0.437
0.481
0.444
0.285
0.503
0.342
0.574
0.550
0.640
0.539
0.671
0.664
0.601
0.323
0.359
0.427
0.498
0.455
0.302
0.471
0.216
0.427
0.476
0.249
0.547
0.522
0.222
0.209
0.512
0.699
0.290
0.380
0.232
0.590
0.482
0.228
0.455
0.268
0.463
0.205
0.361
0.469
0.508
0.433
0.683
0.313
0.375
0.644
0.324
0.508
0.515
0.595
0.673
0.587
0.255
0.363
0.429
0.289
0.353
0.240
0.448
0.366
0.413
0.259
0.369
0.305
0.585
0.587
0.219
0.295
0.205
0.683
0.218
0.406
0.605
0.523
0.486
0.316
0.331
0.649
0.391
0.382
0.282
0.664
0.474
0.594
0.354
0.455
0.278
0.287
0.345
0.520
0.570
0.264
0.470
0.299
0.558
0.487
0.427
0.440
0.555
0.304
0.284
0.302
0.356
0.466
0.201
0.642
0.463
0.291
0.559
0.422
0.308
0.264
0.443
0.627
0.271
0.439
0.540
0.516
0.583
0.339
0.482
0.390
0.503
0.678
0.508
0.429
0.297
0.680
0.503
0.538
0.685
0.350
0.633
0.630
0.618
0.691
0.201
0.348
0.500
0.527
0.253
0.456
0.600
0.472
0.385
0.307
0.475
0.682
0.534
0.678
0.224
0.220
0.527
0.257
0.295
0.293
0.479
0.342
0.225
0.285
0.432
0.351
0.311
0.353
0.406
